u,v,length
277419852,308897855,443.8001757305294
308897855,277419868,277.41151697854275
277419868,10209450955,224.4770871812944
10209450955,315999106,320.27987165816194
277420414,1987490179,170.05105831315743
277420414,1987490177,195.6767475142794
1987490179,1987490177,33.62042853338798
1987490179,12785090724,73.085589979004
1987490177,12785090723,18.948746857262858
278164996,841773942,71.61081911080181
841773942,841773947,128.48519126758376
841773942,10223510632,118.73750257440173
283639839,1818312418,65.1400094690475
283639839,5482019997,24.52653418034581
1818312418,6639995379,8.358383805344804
5482019997,6618870109,31.58466053494209
283640017,9827873818,102.73910574605021
283640017,851995407,26.83013693360426
9827873818,4221081262,67.55547920422676
9827873818,11486574831,23.804984861473635
9827873818,283640017,102.73910574605023
851995407,9832408450,31.464087598003548
851995407,11486574829,66.90835543199944
300136287,3891693494,12.527518946856091
300136287,3891693490,110.93465501440973
3891693494,9843255253,12.098826273538402
3891693494,841516295,175.2632154078623
3891693490,1827513607,78.40783559252039
3891693490,12765878235,70.08921956258632
301037157,841778034,65.0866014808264
841778034,9860270847,52.774943917695246
841778034,847745074,38.31881118963619
301037158,851867172,61.02442824585864
301037158,851867860,10.895803195708458
851867172,851867654,405.5376584706572
851867860,316066258,9.959938257030869
851867860,851867089,45.85307260776406
301037164,6755829662,19.824602341019833
301037164,301037167,10.577400945023738
6755829662,12771463515,11.934569511467954
6755829662,6191395375,108.66488177640713
301037167,6192037419,7.513680917181429
6192037419,11821721117,271.53103079450347
6192037419,6737994209,356.8980325672107
301037170,4676813713,64.2216227632966
4676813713,11821712143,147.488541734927
301037171,4676813717,80.95637195946878
301037171,301037170,10.261983416276674
4676813717,6277807007,197.01525187449843
301037177,841773881,14.042013107232458
301037177,850010209,227.73972942083637
841773881,849943585,83.85483144321189
850010209,850010124,86.70767579144477
850010209,850010154,8.627086960177852
307369559,4950886792,12.715786866119053
307369559,7256804855,29.34073214596832
4950886792,307369559,12.715786866119053
4950886792,11484533779,28.497204636475377
4950886792,9841056434,58.58594070823773
7256804855,11484533779,12.403343745624179
7256804855,7256804847,29.399604703233244
307369586,11397521670,4.453336913292176
307369586,307369628,8.920285481377048
11397521670,851993978,479.49683966163553
11397521670,11397496265,738.7202737490819
307369628,12250242892,101.07986893252172
12250242892,12237343877,49.03000956856067
12250242892,12250249409,126.91383542282239
307369643,851995554,13.163255929619032
307369643,851867854,449.0400265662521
851995554,851994052,10.229597139826874
851995554,851994554,552.4503394557343
851867854,851867159,8.967708147220128
308729333,799269364,16.771505907184647
308729333,799269179,63.41358165876896
799269364,799268999,11.441673293868135
799269364,799269101,205.64246425687125
799269179,799268748,29.555785547842575
799269179,799269383,104.81406064083365
308729713,9843232914,6.493419866714134
308729713,2403406654,47.05249473824061
9843232914,2403406648,29.04058489388999
2403406654,836340174,262.38060964882806
308730069,802911511,263.77446898378935
308730069,12888515577,329.11200725401545
802911511,802911718,129.4117309174122
802911511,308730069,263.7744689837894
802911511,802911784,232.6052839358552
12888515577,3514801694,68.80078712795472
12888515577,12888515580,33.97258653269276
308896083,841773895,85.26801597309674
308896083,841773816,71.54396096735462
308896083,848553971,154.1772357789805
841773895,841774028,222.43381663883136
841773895,308896083,85.26801597309674
841773895,841773667,22.589549432183055
841773816,308896083,71.54396096735462
841773816,11491468178,84.28739021722404
841773816,11080007051,184.9653307934141
848553971,841773706,66.86674227969911
848553971,848554034,120.55852991849653
848553971,308896083,154.1772357789805
308896309,848529986,21.009679621458922
308896309,847791446,96.46795332755957
848529986,308896309,21.009679621458922
848529986,308896310,579.6888969286451
848529986,848530013,798.1305325481361
848529986,848530028,175.925544187348
847791446,847791414,8.983633542840735
847791446,847801157,80.98140116044053
308896310,848529986,579.6888969286451
308896310,9861799789,33.51293174362594
9861799789,9861799792,6.601493880919688
9861799789,9843336461,175.4545989422873
308896315,841773842,98.03226306048609
308896315,848554048,123.32506866144871
308896315,9843336464,6.972416121853042
841773842,308896315,98.03226306048609
841773842,841773831,82.0508629692289
841773842,841773706,146.56022507618042
848554048,848530059,84.21898887261284
848554048,848554034,319.4133013989747
9843336464,841773724,144.70814742214208
9843336464,308896315,6.972416121853042
308896367,841774116,109.61710907587204
308896367,12285200219,63.3866416358118
841774116,308896367,109.61710907587204
841774116,841774073,74.52386501664695
841774116,841773731,277.70352175528586
12285200219,10223510643,18.093645540197052
12285200219,12285200222,19.90391644211419
308896476,498727754,635.2516437185104
308896476,833238929,172.21477208860506
308896476,1827509741,116.1632343208774
498727754,833291028,12.241193848529647
498727754,308896476,635.2516437185104
498727754,1827509805,115.51131029873572
833238929,11027490198,16.483648653552642
833238929,833238848,80.32807078666573
833238929,308896476,172.21477208860506
1827509741,544165333,76.46871840442637
1827509741,11027355581,16.431753924506847
1827509741,308896476,116.1632343208774
1827509741,1827509731,69.74465927032999
308896531,832671998,6.41491314964151
308896531,832689019,363.22176948157374
832671998,833291188,9.68923044311007
832671998,833291078,153.99606464332098
832689019,832689033,84.09734825774532
832689019,832689033,483.1286875724014
832689019,832689026,6.592018992622759
308896638,833271074,11.989857356473106
308896638,6646317613,21.620140960862496
833271074,6646317627,10.993864370201553
833271074,6646317625,26.101290244842474
6646317613,544165097,430.60222845567114
308897843,308897855,629.8125660518973
308897843,11093510942,336.105453581786
11093510942,10240222788,121.13790034328676
308897943,441879029,123.37938412030644
441879029,802969107,168.66621718857655
441879029,277419852,385.89541618037003
308897978,851689933,225.36159982406141
851689933,850010106,92.9736066783044
851689933,851691296,1286.3566075131032
308898110,11093510956,73.28081464446052
308898110,308897978,447.7279826354809
11093510956,308897943,63.66734442046746
11093510956,11093510942,161.89573442852955
308898943,9843602713,12.81693353734022
308898943,1987490160,330.1608980157914
308898943,544165308,97.91250285632876
9843602713,308898943,12.81693353734022
9843602713,544165354,193.3594950134502
1987490160,3730725297,151.49804865619208
544165308,3730725289,34.18781079423872
544165308,1987490162,68.9516302583018
544165308,308898943,97.91250285632876
308899092,544165172,22.560813511623497
308899092,308899179,83.81126733530526
308899092,10047814941,92.42604637759392
544165172,308899094,52.927488222295246
544165172,1987490162,103.74824455393332
544165172,308899092,22.560813511623497
308899179,308899092,83.81126733530526
308899179,836074253,138.69039626192986
308899179,836074200,96.461548455422
10047814941,544165354,12.023288168459882
10047814941,308899092,92.42604637759392
10047814941,308898943,193.60977395577692
308899094,308900197,11.611950103466956
308899094,836074253,5.322153648540985
308899094,544165172,52.927488222295246
308900197,308899190,91.4692163771225
308900197,308899094,11.611950103466956
308900197,836074258,35.78250384809853
836074253,308899094,5.322153648540985
836074253,836074192,126.4211818964051
836074253,308899179,138.69039626192986
308899095,544165174,62.630470508312
308899095,3730725289,52.94559079063304
308899095,6442183404,64.69640991437737
544165174,308899095,62.630470508312
544165174,308899190,39.80115714159214
544165174,308900200,9.813273901022988
3730725289,308899095,52.94559079063304
3730725289,544165308,34.18781079423872
3730725289,3730725295,44.42751254254676
6442183404,308899095,64.69640991437737
6442183404,568266372,54.999655656962474
6442183404,6438592474,14.862793162307488
836074200,836074204,11.545623011684759
836074200,308899179,96.46154845542199
836074200,836083321,178.53239067201352
308899190,544165174,39.80115714159214
308899190,308900197,91.4692163771225
308899190,1987490162,56.69864508504323
1987490162,308899190,56.69864508504323
1987490162,544165308,68.9516302583018
1987490162,544165172,103.74824455393332
308900196,836074258,63.02996958163186
308900196,836074199,28.540725195962413
308900196,308900200,89.39979767576071
836074258,836074218,29.001791757234614
836074258,308900197,35.78250384809853
836074258,308900196,63.02996958163186
836074199,836074197,106.40378324955441
836074199,308900196,28.540725195962413
836074199,836074218,62.9724807684648
308900200,544165174,9.813273901022988
308900200,308900196,89.39979767576071
308900200,568266372,92.99778544616
568266372,6640044389,9.370416564164339
568266372,6442183404,54.999655656962474
568266372,308900200,92.99778544616
312102938,836339744,15.264316234744875
836339744,6648993282,417.00504983246384
315999106,10240222788,463.2358916102986
315999106,315999134,373.2950570935674
10240222788,12273055521,951.0812034033193
315999134,308897943,397.802387043938
315999134,308897978,349.38965170130086
316066258,851866926,10.8900710872903
851866926,301037158,9.713615307234846
851866926,3735942714,91.25108885126566
316066276,851867128,43.012052049348874
316066276,4772203025,99.47963077608298
851867128,851867367,7.659949052023277
4772203025,3735942722,145.23723817845885
4772203025,316066276,99.47963077608298
4772203025,3735942719,65.56428612237474
316070966,851866978,21.98218253871542
316070966,9662269127,147.77237261077764
851866978,851866715,143.0304919244411
851866978,851866689,7.7560628873339965
9662269127,851866715,18.449740401200927
9662269127,852047699,75.14586020676047
9662269127,9662269129,209.01549298509832
9662269127,316070966,147.77237261077767
316070982,316070983,12.450905682938872
316070982,847577502,68.53874972033006
316070982,847577475,169.08235517010095
316070983,316070982,12.450905682938872
316070983,847745283,154.69235677585263
847577502,841774103,30.567029758408673
847577502,847577606,43.419771270405334
847577475,316070982,169.08235517010095
847577475,847577586,25.281817519017135
847577475,847577954,78.78496809645218
847745283,6192080673,70.83168996831058
847745283,847745739,84.62596630905094
802969107,802969372,709.6314718828241
476991969,836083293,26.9978145884849
476991969,476992013,58.815088439726544
476991969,836083246,27.134885256303477
476991969,1827522810,32.97651882944787
836083293,1827522817,27.576933407618057
836083293,476991969,26.9978145884849
836083293,1827522826,85.81724733353202
836083293,1827522801,108.2168449074357
476992013,476991969,58.815088439726544
476992013,9841200170,13.0289395183671
476992013,11001027763,35.18239443532901
836083246,836083131,34.85724912508688
836083246,476991969,27.134885256303477
836083246,836083186,105.57691447007909
1827522810,476991969,32.97651882944787
1827522810,1827522804,27.38410516976597
1827522810,1827522801,50.25854187778137
476991988,9843573793,72.14226338776429
476991988,9843573793,213.44465478021849
476991988,1832086796,114.15178609822306
9843573793,1818312424,117.56449837147318
9843573793,476991988,72.14226338776429
9843573793,476991988,213.44465478021846
1832086796,1832086797,31.4030208168975
1832086796,1832086799,70.58645055756277
1832086796,476991988,114.15178609822304
9841200170,476992013,13.0289395183671
11001027763,1827522804,25.452858090110862
11001027763,476992013,35.18239443532901
11001027763,1827522792,59.708796724834
476992021,836083135,24.523696762711637
476992021,1827522792,43.40595240009664
476992021,1827522791,64.29735142553236
836083135,476992021,24.523696762711637
836083135,1827522801,24.649681450919626
836083135,1827522791,43.935043147038826
1827522792,1827522795,15.416899082962246
1827522792,476992021,43.40595240009664
1827522792,11001027763,59.708796724834
1827522791,1827522799,54.7802728916849
1827522791,2409792093,59.22336493602165
1827522791,476992021,64.29735142553237
1827522791,836083135,43.935043147038826
476992039,9841200167,89.5568508460053
476992039,1827522827,31.359973189243398
476992039,1827522828,54.120808356685245
9841200167,1832086805,64.7520226893463
9841200167,476992039,89.5568508460053
9841200167,9841200166,29.630848026221724
1827522827,1827522826,28.668603554999358
1827522827,1827522817,86.02901900756555
1827522827,476992039,31.359973189243398
1827522828,836083090,56.202619104687024
1827522828,476992039,54.120808356685245
833291028,9843232910,32.381210537451516
833291028,498727754,12.241193848529647
1827509805,1827522766,98.64788671325533
1827509805,1827509806,11.59322810791263
544165041,833270984,220.63130473158117
544165041,544165097,38.64460996528973
833270984,6646317622,205.8260617283029
833270984,11027498609,6.904989594082054
544165097,544165094,11.514212254313453
544165061,803874339,22.641703172188265
803874339,2409792081,779.6368274399599
803874339,803874271,32.47619199525365
544165067,544165061,30.75466856623561
544165067,803929546,131.7905065166014
803929546,803885105,15.798166955603277
803929546,8826357783,250.91066807109777
544165073,544165067,23.45560708292313
544165094,544165073,34.75977341024816
544165094,12747520203,262.5027164661445
12747520203,836339849,421.71708344588495
544165164,832672001,13.415333431151542
544165164,832672156,359.49534116410274
832672001,544165164,13.415333431151542
832672001,10994083343,10.68788055450212
832672001,832672079,234.93921979628163
832672156,832671942,18.06037236169953
832672156,832672130,8.38808164552519
544165333,1827509741,76.46871840442637
544165333,1827522708,66.1654739744228
544165333,11027355580,13.47984709158331
1827522708,544165333,66.1654739744228
1827522708,11027355579,14.313752765258124
1827522708,832672125,276.2567529285545
11027355580,544165333,13.47984709158331
544165354,10047814941,12.023288168459882
544165354,836074187,211.5569326884085
836074187,6438720831,11.754728782654022
836074187,836074278,242.70529006591124
544174044,9855412309,16.720554056482793
544174044,9855412293,81.36147452822256
9855412309,9855412297,18.60875332251761
9855412309,1817401862,290.32016932027716
9855412293,9855412292,10.360322667810953
9855412293,9855412289,87.75826287883504
6640044389,568266372,9.370416564164339
6640044389,6640044388,11.876123233910368
6640044389,6639995379,213.76279060053034
568285980,799242058,99.59876189936912
568285980,11250416665,19.67358986939528
568285980,6191974706,586.9836754067716
799242058,568285980,99.59876189936912
799242058,6998029041,81.18047604861229
799242058,1870123587,632.4553611820426
11250416665,568285980,19.67358986939528
11250416665,1817401896,16.163943703678832
6191974706,6191974705,56.10104273020689
6191974706,568285980,586.9836754067716
6191974706,3832409832,101.19466806480946
571762487,3832408575,9.769470101917632
571762487,9821710016,408.0254066432712
3832408575,4415003672,15.448924439095519
3832408575,1817400634,144.88956495707993
9821710016,4932314432,1448.398239606536
9821710016,9822097998,94.16963272616672
670710795,3891693503,11.973152553713348
670710795,841516179,262.34936927208804
3891693503,841515932,167.40808933756006
3891693503,9843255226,6.4887112153502935
841516179,3891693502,9.160171945213412
841516179,841515873,211.41605524012684
712869258,799268951,64.71635135330554
712869258,9625462632,176.40518734113505
799268951,799269325,16.786899509889064
9625462632,712869258,176.40518734113508
9625462632,9622953955,187.5561471652629
9625462632,9865506888,136.48750139939347
712869283,853985617,29.58399545274598
712869283,799241709,11.60531797511477
853985617,853985972,16.630708240679134
853985617,9852805978,243.5206186524974
799241709,799241962,140.03470459454397
799241709,1817400408,89.9475171059793
799241709,712869283,11.60531797511477
712889006,802332429,166.700192265944
712889006,1817400314,231.74401962729678
712889006,1817400314,511.02675488163203
802332429,712889006,166.700192265944
802332429,802332830,373.7226945865665
1817400314,1817400329,187.48108374298752
1817400314,712889006,231.74401962729678
1817400314,712889006,511.026754881632
712889246,802358386,13.14890058712682
712889246,9852805963,167.62560841122513
712889246,11024684595,84.10987878504251
802358386,712889246,13.14890058712682
802358386,9852805977,25.43617182625745
802358386,802357912,110.45602407276822
9852805963,802357918,15.448489627280653
9852805963,712889246,167.6256084112251
9852805963,9852805970,39.75713123634327
11024684595,11024684599,41.273342270058095
11024684595,9852805974,15.222590849877566
11024684595,712889246,84.10987878504251
712889271,9852805974,84.8290421952982
9852805974,9852805975,84.74167636415591
9852805974,11024464756,73.97510824894158
9852805974,712889271,84.8290421952982
9852805974,11024684595,15.222590849877566
787112250,4247508275,13.120411461238177
787112250,12747158805,7.600696942906501
787112250,11925199153,932.4064980467666
4247508275,787112250,13.120411461238177
12747158805,787112250,7.600696942906501
12747158805,12747158809,57.492710562033096
12747158805,12814018344,57.09319096089165
11925199153,1007396555,21.591580127260716
11925199153,11925199154,88.96509400059566
11925199153,787112250,932.4064980467667
799241668,4685422940,315.90691277290887
799241668,6192951370,47.139331850234534
4685422940,4685422934,757.0554782340037
4685422940,4685422937,156.60563002164434
6192951370,799268868,184.5368020078136
6192951370,799249229,777.5395724073462
799241699,799242061,96.54283446591646
799241699,799268660,272.1845966809991
799242061,9852968842,32.976819758289956
799242061,799269086,37.314586193787044
799268660,4685422941,424.66319406390164
799268660,799241699,272.1845966809991
799241962,9852370489,184.1156121082413
1817400408,799241709,89.9475171059793
1817400408,11143583828,77.53208351489249
1817400408,3735973849,526.8878756999876
1817400408,799241962,166.00129765382997
799241726,799269129,113.25843048536944
799241726,799241873,112.932728690344
799269129,799269362,32.6334982329269
799269129,799242007,227.3421869475285
799241873,3735973848,13.591792134257203
799241873,799269362,55.03718959636474
799241750,4685422936,51.90939831227496
4685422936,799241778,307.8630365681989
4685422936,4685422934,88.42884966420453
799241757,799241795,378.54991427624134
799241795,3735973846,657.3621135035643
799241795,853985616,223.60754669710096
799241765,3809143653,72.11474543602975
3809143653,3809143655,21.073702352163032
3809143653,6630855788,49.99781461745434
799241778,802331805,99.65687970418364
799241778,8129660368,851.2654477112211
802331805,802331949,15.222015059306448
802331805,799241778,99.65687970418365
802331805,3735973841,330.4359191900942
8129660368,799268638,60.92614408861421
3735973846,6636689769,243.20889536081458
853985616,853985733,16.719784335742872
799241823,3735973848,175.90361156716304
799241823,799241750,125.7769333886905
3735973848,799241873,13.591792134257203
3735973848,3735973856,403.05588561233196
799241844,1817400390,18.805396985554253
799241844,1007395306,572.1022315365428
799241844,9852968842,37.17141420996254
1817400390,3752717700,54.65742868139887
1817400390,799241844,18.805396985554253
1817400390,799241757,717.0623318905389
1007395306,1007395980,294.37861029903326
9852968842,799269086,21.230450501183093
9852968842,799241844,37.17141420996254
799269362,799269111,65.48645229092462
799269362,799241873,55.03718959636475
799241939,1007395388,542.29599810354
799241939,1817400348,242.28155983290594
1007395388,1817400390,590.128388672935
1817400348,9852860986,206.32594868474033
1817400348,1817400349,11.319990694372365
1817400348,1817400353,485.4021349038487
9852370489,9852370488,10.387575814323053
9852370489,1817400466,58.32355951225344
799241980,8113491069,112.4201292015236
799241980,8113491074,63.047782721352746
8113491069,802981343,227.05640054527618
8113491074,8113491070,27.789282385720092
799241992,799241939,367.41603744367166
799242007,799241750,43.40889301577529
799242007,799269111,135.83252880791767
799269111,799269362,65.48645229092462
799269111,799269086,97.54774371814578
799269111,799242007,135.8325288079177
799242036,799241699,398.75432689970575
799242036,1007395306,71.86957736238028
6998029041,799241980,526.4401777295914
1870123587,799242058,632.4553611820426
799269086,799269111,97.54774371814578
799269086,799268660,143.56582447759047
799269086,9852968842,21.230450501183093
799242076,1819560486,25.389631793948936
799242076,4685422851,103.90756060313782
1819560486,799242076,25.389631793948936
1819560486,1819560480,60.063700700098316
1819560486,6095246009,539.837871608301
4685422851,1987285408,65.08995183651308
4685422851,4685422838,109.39643355183168
799249209,8129660331,34.5347761166286
799249209,8129660364,34.95555528139372
799249209,8129660363,8.243051656665024
8129660331,8129660325,14.05581694408987
8129660331,8129660364,48.08327115281216
8129660364,799249258,72.04494732512867
8129660363,8129660338,31.49409291135481
8129660363,799249209,8.243051656665024
8129660363,8129660358,40.38249403790004
799249229,6095246000,85.41084596174083
799249229,6192951370,777.5395724073462
6095246000,6095246009,44.012515382021434
6095246000,6095245996,38.89669456607291
799249258,9832229501,59.78293854303986
9832229501,802332579,14.444483570050306
9832229501,1817400234,195.12494783686662
799268638,802332923,56.48025877414748
799268638,799268865,16.046734869127533
802332923,802332678,13.727123798240571
802332923,1817400361,726.0101139371279
799268865,1987285395,64.74634925563092
799268639,308729333,11.239556451358734
799268657,799269113,12.902936991331243
799269113,799269353,10.42249701214704
799269113,799269281,229.12805966591083
4685422941,4685422834,147.92591303466722
4685422941,799268660,424.6631940639017
799268671,9852370490,57.606439071895146
799268671,799269385,13.043191371309709
9852370490,799268993,14.752945591461415
9852370490,799269348,283.2301530756218
799269385,7230097354,240.9471318085777
799268676,799269197,9.013914606536037
799269197,799269168,10.9555030666381
799269197,10173848095,288.5724826558034
799268739,799270714,204.3188419478439
799268739,802357918,102.80002284174131
799270714,802358162,71.68895301041546
799270714,799269134,393.3432750172142
802357918,9852805963,15.448489627280653
802357918,799268739,102.80002284174131
802357918,9852792147,127.52413558549625
799268748,799269179,29.555785547842575
799268748,9837614254,124.15249944765522
799268748,799269364,90.77107317724575
9837614254,799268748,124.15249944765522
799268756,2666093291,135.53320040848925
2666093291,9622986355,229.1629399249082
2666093291,12901959550,180.35117477412751
799268827,802511954,500.0018329729011
802511954,802510489,10.704777673294382
802511954,9865562988,547.692360795619
799268841,799269160,10.797244764671547
799268841,9837785024,27.33618972290836
799269160,799269365,18.06097682364406
799269160,9837785033,32.808076645327574
9837785024,12866281687,263.2725691121995
799268845,799269281,11.78448609734555
799268845,799269353,229.1186999561776
799269281,6114774593,261.95420717919353
799269353,799269101,13.25290065523952
799269353,799268999,210.97054747215208
1987285395,1987285383,108.22822100724187
1987285395,799249258,836.162791998749
799268868,1817400426,62.913619373926885
799268868,799269003,16.6578571078717
799268868,6192951370,184.5368020078136
1817400426,1817400427,15.029719747059067
1817400426,1817400575,547.0684607484684
799269003,799268868,16.6578571078717
799269003,4685422937,226.89380501842007
799268876,799268951,16.718151989637978
799268876,4161787114,114.43938882764861
4161787114,3752655145,14.208121869553958
4161787114,7243024502,161.37195563021695
4161787114,10017629237,176.3730673185629
799268919,799269206,10.7617761716623
799268919,802332878,517.190954726729
799269206,799269134,18.295611492513366
799269206,1817400388,711.7502827005142
802332878,802332760,13.627625134982106
802332878,802332429,305.0528071347703
799269325,799269252,15.314189625156859
799269325,799268639,213.90399923083083
799268993,9852370490,14.752945591461415
799268993,799269385,62.047084706372516
799268993,7230097349,244.64543548974578
7230097349,802358066,19.113351518267304
7230097349,799268993,244.6454354897458
7230097349,7230097354,179.98112017134454
799268999,799268639,16.694558039506198
799268999,9865556914,138.7687271428759
9865556914,799269252,76.04034735479158
9865556914,12237342156,114.66871223012714
4685422937,799241726,80.75798227290397
799269037,799268676,10.920819649318474
799269037,799268657,437.87635471442553
799269093,6649202808,7.134351906940974
799269093,799268919,18.445512131180756
6649202808,1817400331,293.85986051358833
6649202808,6649202807,197.72137186875915
799269101,799268657,9.820579767306725
799269101,799268676,446.05568523158456
799269134,799270703,204.61290633499826
799269134,799269093,10.716166764496213
799270703,799270699,310.8278463690883
799270703,9837785028,434.7615813090846
799269365,9837785029,27.079949573495565
799269365,799269276,9.911796505156518
9837785033,9644555266,276.58217823324435
799269168,799269037,8.985725154816311
799269168,10295207054,377.62893743321035
10295207054,10209503871,105.89989749694212
10295207054,799343664,11.268428966600458
799269172,799268756,13.123501546981446
799269172,6115437610,564.1475213809061
6115437610,1817400766,66.3420287803663
6115437610,6115437611,14.540519822143148
799269177,9837785036,172.7873425157591
9837785036,799269160,42.27448152181437
9837785036,9837785033,56.23945800588152
799269383,3752655328,478.9676999757783
799269383,9865441907,58.798927230012055
799269180,799269344,66.13568959568595
799269180,799269348,147.90841902213197
799269180,9850152288,143.28699251803138
799269344,799269180,66.13568959568595
799269344,799342629,38.46875389394603
799269348,799269180,147.908419022132
799269348,802358163,75.79013402498344
799269348,9852805956,154.1861198937978
9850152288,799269180,143.28699251803135
9850152288,799269326,33.208747495485824
9850152288,802357885,25.16639319378284
10173848095,10173848094,12.581725773846687
10173848095,799269177,409.7953497694396
1817400388,1817400389,15.572866946630137
1817400388,853985972,378.0731423556427
1817400388,1817400363,375.00132792723036
799269252,799268876,15.080783507238213
799269252,12237342156,74.21694239878215
12237342156,799268845,226.71943805374298
799269275,799269177,13.563651699665888
799269275,10173848094,402.27934856252864
10173848094,10173848095,12.581725773846687
10173848094,799269168,288.44263509496227
10173848094,10731986618,166.86968253720042
799269276,802332145,80.7499968929977
799269276,799268841,18.72874157530602
802332145,12258283538,147.39709000499138
802332145,6649190854,10.744321628145064
6114774593,6114774592,10.469479773652548
6114774593,12901959551,204.19086842334272
799269282,9865441908,24.62702836948626
799269282,9837888107,54.15632159768852
9865441908,12747653398,19.745533510275237
9865441908,799268748,184.73294674020386
9837888107,799268827,9.357282085214067
9837888107,9865562998,544.0918946530156
799269326,9850152288,33.208747495485824
799269326,9805344782,164.18913132035615
9805344782,9805344781,10.601207707616398
9805344782,12866281688,68.3338453961254
799342629,799343664,106.05423478240817
799342629,10209503871,9.788982277854672
802358163,9852792137,47.205324061141134
802358163,802358032,115.07388454642759
802358163,799269348,75.79013402498344
9852805956,799268993,124.54479333856146
9852805956,9852805962,112.63481563459625
799269360,802357888,46.113167160257774
799269360,802358066,94.68864555841223
799269360,9852162089,160.26797244011314
802357888,799269360,46.113167160257774
802357888,9852805977,80.61707953882306
802357888,9852162089,107.0265222823011
802358066,799269360,94.68864555841223
802358066,7230097349,19.113351518267304
802358066,5781274319,97.38892130392641
9852162089,802357912,16.00126647216252
9852162089,802357888,107.0265222823011
9852162089,799269360,160.26797244011317
9837785029,6192307799,527.7878317328451
3752655328,799269383,478.9676999757782
3752655328,3752655224,227.65305347145573
3752655328,9622953955,33.644451045523176
9865441907,12747653398,24.953322051933945
9865441907,4216744055,906.1193575233779
7230097354,7230097349,179.98112017134454
7230097354,9852370488,75.86621204258171
799269387,799269282,492.58137361578486
799270685,802358129,25.9244895704258
799270685,799270696,93.28489776588285
799270685,11024792198,37.04429271125321
802358129,802358162,110.32381921776391
802358129,799270685,25.9244895704258
802358129,3752829601,30.575011570811522
799270696,799270685,93.28489776588285
799270696,11024792204,94.1704624376013
799270696,802358013,62.91684870654754
11024792198,799270699,36.47676786873469
11024792198,799270685,37.04429271125321
11024792198,11024792204,257.13358297789097
11024792204,799270696,94.1704624376013
11024792204,802358199,242.31742861937863
11024792204,11024792198,257.13358297789097
802358013,799270696,62.91684870654753
802358013,9960999674,51.278354465625966
802358013,3752829601,111.80385739496441
799270698,9805344781,52.03086921828536
799270698,799270699,466.0749245496984
9805344781,799270701,13.475915789928749
9805344781,9805344782,10.601207707616398
799270699,11024792198,36.47676786873469
799270699,799270698,466.0749245496984
799270699,799270703,310.8278463690883
799270701,802358199,37.94565369723268
799270701,799269326,151.35578703865198
802358199,799270701,37.94565369723268
802358199,11024792204,242.31742861937866
802358199,9850111975,182.6467226338651
9837785028,799268841,37.22016465423054
9837785028,9837785024,46.82688153470777
802358162,799270714,71.68895301041546
802358162,802358129,110.32381921776391
802358162,802358203,53.71630907301441
799343664,10295207054,11.268428966600458
799343664,799269037,383.44126746967316
10209503871,799342629,9.788982277854672
10209503871,799269344,39.77133162220716
799343710,4221391413,50.08049295794311
4221391413,3001365245,46.335355296673846
4221391413,4221391411,144.39477205833492
799343894,4267879308,278.8863577904208
799343894,4950918220,645.7206455022714
4267879308,4267879307,36.4766127824299
4267879308,853833879,18.43324179160634
4267879308,7256861134,39.421591462297
4950918220,851994947,175.63910374387143
799343952,7256861128,236.62940350954733
7256861128,12782112744,12.32875076854721
7256861128,7256861131,29.979915642791113
802331640,799269276,386.7580536077847
802331640,6649190854,456.69584094113833
6649190854,6649190852,147.03686190966337
6649190854,802332145,10.744321628145064
6649190854,12258283537,4.062044677358029
6649190854,802331640,456.6958409411383
802331949,1817400363,90.23372858405027
802331949,799241992,658.8815220640506
3735973841,6636689769,11.274744313908261
3735973841,799241823,230.285665380204
1817400363,1817400361,14.611510258235935
1817400363,802332678,726.0105160225492
1817400363,1817400388,375.00132792723036
802332077,6192307798,19.324708538394134
802332077,6192307799,13.101637067385084
6192307798,12258283540,73.8129813670786
6192307798,12258283535,162.12582919930338
6192307799,802332077,13.101637067385084
6192307799,6622170236,190.31785201134528
12258283538,6649190852,13.092601904659118
12258283538,802332720,68.52167714104509
802332830,1817400246,16.758122590305504
802332830,12311955094,10.309642170543567
802332579,9832229502,13.896341047516065
9832229502,9832738103,20.919643297143534
9832229502,9832229503,14.582768077259935
802332678,802332878,15.915112352336733
802332678,799269206,514.9649765826108
802332720,6649202806,183.20375014987232
802332720,12258283529,5.918185340819507
6649202806,6649202807,10.179685110542119
6649202806,799269093,197.4478744152623
12258283529,12258283530,9.437216324935992
12258283529,802332720,5.918185340819507
802332760,799268865,56.245194329858
802332760,802332923,16.09305522491061
1817400246,1817400234,15.23497272890166
1817400246,802332579,192.86654201637842
12311955094,12312079502,140.77866106301065
12311955094,12312079501,148.99364359489667
1817400361,802331805,101.05274787637404
1817400361,1817400363,14.611510258235935
802357885,9850111975,29.264716384045187
802357885,9850152288,25.16639319378284
802357885,802358220,69.83704655645717
9850111975,802358199,182.64672263386507
9850111975,802357885,29.264716384045187
9850111975,11024752560,64.74052171138891
802358220,802357885,69.83704655645717
802358220,9852792137,64.35257333298262
802358220,9729332368,55.99103573539557
9852805977,802358386,25.43617182625745
9852805977,9852805976,65.02080088467476
9852805977,802357888,80.61707953882306
802357905,802358203,96.71404019180233
802358203,802358162,53.71630907301441
802358203,802357905,96.71404019180233
802358203,9852792140,92.20553072447677
802357912,802358386,110.45602407276822
802357912,9969739066,66.71022380478901
802357912,9852162089,16.00126647216252
9969739066,9852158210,55.73978363268378
9969739066,802357912,66.71022380478901
9969739066,5781274327,128.96522213840657
9852792147,9852792148,42.65483560498231
9852792147,802358001,52.349761209153016
9852792147,802357918,127.52413558549625
802358001,11024464757,96.90719002753177
802358001,9852158210,31.549525857206802
802358001,9852792147,52.34976120915302
11024464757,802358001,96.90719002753177
9852158210,11024787012,23.58387787003852
9852158210,11024787010,18.657012403751224
9852158210,802358001,31.549525857206802
9852158210,9969739066,55.73978363268378
9960999674,3752829605,204.05690948473406
9960999674,802358013,51.278354465625966
9960999674,9960999682,76.11154105716689
3752829601,802358129,30.575011570811522
3752829601,11024787012,200.31950685715753
3752829601,802358013,111.80385739496441
802358032,802358163,115.07388454642759
802358032,5781274319,109.11242233672375
802358032,11024803346,63.36723095247067
5781274319,802358032,109.11242233672377
5781274319,802358066,97.38892130392641
5781274319,9852162084,173.68287836612484
11024803346,9852162084,112.82780197055742
11024803346,802358032,63.36723095247067
11024803346,9852792137,95.22379326202673
802358087,11024752560,85.43154671890446
802358087,9852162086,15.492339963068261
802358087,9960999682,218.37844057471315
11024752560,11024752559,27.332768542401563
11024752560,802358087,85.43154671890446
11024752560,9850111975,64.74052171138892
9852162086,11024752559,23.76324453950496
9852162086,11024804451,37.37768799247889
9852162086,802358087,15.492339963068261
9960999682,9960999674,76.11154105716689
9960999682,9960999671,71.36672540198353
9960999682,802358087,218.37844057471318
802358148,9729332368,55.80993826851989
9729332368,802358148,55.80993826851989
9729332368,11024752559,31.768403116093886
9729332368,802358220,55.99103573539557
9852792137,802358163,47.205324061141134
9852792137,802358220,64.35257333298262
9852792137,11024803346,95.22379326202673
9852792140,9852792146,37.95886067633805
9852792140,802358203,92.20553072447679
9852792140,9852792143,112.08315743563726
802381090,802510484,135.3768971276188
802510484,802511391,201.14801528056074
802510484,802512079,202.620186218566
802381160,802637898,463.57942851895655
802637898,802639929,24.53893027889442
802637898,802381090,47.974681680073914
802381188,802511818,537.8172412575162
802511818,802510830,161.00415328239802
802511818,802511781,183.52698992498392
802435939,802510949,82.72154948097405
802510949,802511781,197.16373184375078
802510949,802510830,172.76282946520635
802436118,4215272630,171.11650030166214
802436118,4216746013,249.6505665663001
802436118,4216746024,154.84822497016097
4215272630,9860204071,48.33708206482697
4215272630,802436118,171.11650030166214
4215272630,4215272634,103.29493120104094
4216746013,9853277310,126.46448591040837
4216746013,9860204111,125.51081765785845
4216746013,802436118,249.65056656630014
4216746024,4216746026,20.200887329647816
4216746024,802436118,154.84822497016097
4216746024,9852536527,223.18974322588093
802510112,802510518,81.8287444189612
802510518,802511946,831.0029525403958
802510143,802511796,127.30490966690522
802510143,802511652,55.40956266980254
802511796,802511835,53.42744906178761
802511796,802510143,127.30490966690522
802511796,9824098528,32.1190460495988
802511652,802510188,102.89715530310748
802511652,802511835,142.9013118210225
802510188,802510267,13.225806523775365
802510188,9824098525,286.64610964246657
802510188,802512063,376.61709322701046
802510267,802510188,13.225806523775365
802510267,9822388944,653.860300472307
9824098525,802510977,43.6010560966177
9824098525,802511835,94.35538649712224
9824098525,802510188,286.6461096424665
802512063,802511529,677.315826527399
9822388944,9822388946,18.76228383596512
9822388944,9623138331,206.95992403155563
802511391,802511699,96.4581965476913
802512079,802638034,951.796366488074
802510486,802510532,10.904165945873846
802510486,9837669162,754.9077437475571
802510532,9865562987,9.451328578393777
9837669162,3353400895,11.996326566687342
9837669162,5780873231,698.773224527926
802510489,6622170249,463.5068783234913
6622170249,6673077267,562.0115033600499
6622170249,9837785032,277.106211942471
802511946,802381188,160.78292493151818
802511946,802511890,158.75432147056125
802510527,9865562962,11.068504807961535
802510527,802510112,1910.4773301622101
9865562962,9865562997,8.651238385059305
9865562962,802510486,497.135506603198
802510528,9824062835,32.52870404075108
802510528,802511514,55.92821598604333
802510528,9824098528,128.86672703598995
9824062835,802510528,32.52870404075108
9824062835,802510143,106.42167578096144
802511514,802510528,55.92821598604333
802511514,802511692,80.86801276409903
802511514,802512066,132.72298087136787
9824098528,802510528,128.86672703598995
9824098528,802511796,32.1190460495988
9824098528,802512066,58.64314595517591
9865562987,9865562988,10.988803095260769
9865562987,10688319425,287.7955233746243
802510779,802511612,14.345429886848079
802510779,9824062836,457.5421715055299
802511612,5780873229,278.8231329527366
802511612,802511469,10.593320530767471
9824062836,9822388946,213.29719846789297
9824062836,802510899,169.59557166232347
802510830,802512083,165.67695592009918
802512083,799269387,39.63246052334643
802512083,802510527,91.14163405481683
802510899,802511656,46.349216680438815
802510899,1817451143,105.69865904155081
802510899,9824062836,169.59557166232347
802511656,802511692,79.3152308289172
802511656,802510899,46.349216680438815
802511656,802511937,151.30798658538342
1817451143,802510899,105.69865904155081
1817451143,802511608,115.58699473914868
1817451143,1817451150,507.54692794178015
802511781,802638316,303.37220912072854
802510977,9824098525,43.6010560966177
802510977,802512066,141.34898219692283
802510977,9824098521,80.31409852677578
802512066,802510977,141.34898219692283
802512066,9824098528,58.64314595517591
802512066,802511514,132.72298087136787
9824098521,802510977,80.31409852677578
9824098521,9824098520,82.82202690172974
9824098521,802511692,300.74249386011587
802511086,9835949913,62.56941241632322
802511086,3752829614,37.48577112590854
9835949913,1817451130,157.17276735826715
9835949913,9835949912,132.44014194428047
3752829614,9835949914,96.02520676067621
3752829614,5780886687,96.98113777336931
3752829614,802511086,37.48577112590854
802511699,802510518,120.13109028084617
802511699,6191577557,571.8814437494544
802511469,6191577557,14.522192359472655
802511469,9865562976,499.61604754192774
6191577557,6191577558,21.41569015875155
6191577557,802510779,10.483797898477482
9865562976,802510112,7.800348687588741
9865562976,9865562962,1910.884891723996
802511692,802511514,80.86801276409903
802511692,802511656,79.3152308289172
802511692,1817451141,77.76151285482017
802511692,9824098521,300.7424938601159
802511529,802511391,186.71180433251413
802511529,802512079,191.31818526332262
802511608,802511937,193.93487639257677
802511608,802511717,49.163805517973444
802511608,1817451143,115.58699473914868
802511937,802511608,193.93487639257677
802511937,802511656,151.30798658538342
802511937,802512048,51.9808496872835
802511717,802511608,49.163805517973444
802511717,9824058014,161.90640597308766
